300,19.544,0.7303,1,3333.3
2100,51.709,0.58806,11,5238.1
1800,47.873,0.62116,7,3888.9
4900,78.987,0.59144,28,5714.3
1300,40.684,0.68076,3,2307.7
3200,63.831,0.90605,4,1250
200,15.958,0.86603,0,0
3100,62.825,0.91591,11,3548.4
2500,56.419,0.82548,11,4400
800,31.915,0.71741,4,5000
100,11.284,0,0,0
500,25.231,0.84712,6,12000
2200,52.926,0.7747,6,2727.3
6100,88.129,0.76224,28,4590.2
4300,73.993,0.67366,20,4651.2
8200,102.18,0.35418,44,5365.9
300,19.544,0.7303,0,0
6100,88.129,0.66478,27,4426.2
7900,100.29,0.57304,41,5189.9
4900,78.987,0.66259,27,5510.2
4100,72.252,0.75071,22,5365.9
7000,94.407,0.61114,28,4000
7600,98.37,0.50653,33,4342.1
9000,107.05,0.5181,43,4777.8
1300,40.684,0.76442,2,1538.5
6800,93.049,0.51131,34,5000
800,31.915,0.58095,7,8750
